time,x,y,z,phi,theta,psi,x_velocity,y_velocity,z_velocity,phi_velocity,theta_velocity,psi_velocity,rotor_speed1,rotor_speed2,rotor_speed3,rotor_speed4
0.06,4.0291166197327396e-08,5.432281322998126e-08,10.001616524082069,6.866147000916811e-05,6.283121750242392,0.0,4.28304767600729e-06,5.166826033447803e-06,0.053882586177075295,0.003340270926601929,-0.0032669612435768996,0.0,422.1149004872597,421.83295690280687,421.9114309186815,422.1996455438288
0.12000000000000001,3.101221092229993e-06,4.22133471337297e-06,10.014216669952429,0.0008625866460132414,6.282645555598187,0.0,0.00013967612191427702,0.0002068107955750219,0.3660745316184846,0.02796325347049633,-0.019461619441534336,0.0,499.92452146414763,498.74343100564914,499.22683661343166,501.01984883875843
0.18,2.6887523971713872e-05,4.30821551315124e-05,10.04107850728511,0.0025272385068886294,6.282481055759311,0.0,0.0007138862579249142,0.0012745981784409288,0.5292577715078919,0.027302515638182034,0.01861614981894027,0.0,454.6746823411498,457.7146898471227,457.17498887817953,457.1225207052935
0.23999999999999996,8.073826225018425e-05,0.00018226696987162823,10.077364206061477,0.0039815741008562,1.5099430626719368e-05,0.0,0.0009747387518487828,0.0035349810928386144,0.6801868590581486,0.017274551236802743,-0.006537238650584091,0.0,454.44864858564733,452.42819138439967,453.1366738609699,452.33001533920077
0.3,0.0001396193827734494,0.0004987516948653232,10.125491935395269,0.004562175223635556,0.00027401391118164753,0.0,0.0009888943724081344,0.007123116921286548,0.9239052826269221,-0.013319770738217076,0.020105770917607867,0.0,480.0694595331008,482.08653174146696,481.7779362200706,479.4594276719132
0.36000000000000004,0.00019106484089687328,0.00099659110293149,10.179199923737873,0.00393561868055059,0.0014082024241739433,0.0,0.0006337529548074397,0.00941606213960762,0.8664070972873602,-0.00523327415184765,0.016382575356805013,0.0,384.93217284937197,384.5797328070736,384.0372679666976,384.80353263178114
0.4200000000000001,0.00019658833606198175,0.001641183678916836,10.233964686150575,0.003967855630848227,0.0020069240958431322,0.0,-0.000534175168077215,0.012057826838404558,0.9590113625734049,0.010115807232503687,-0.007637268195876224,0.0,436.28632884370387,434.2764026508621,434.7269043077541,436.01097996059536
0.48000000000000015,0.0001232199079757229,0.002450917295513033,10.295001329698495,0.004507636560327377,0.0020676347232519987,0.0,-0.0018946653451627448,0.014992851591719423,1.075440535386408,0.006657752968783017,0.014300420329735733,0.0,442.5185209369408,444.3204782744151,442.7724265794637,442.4877568246899
0.5400000000000001,-3.841464021276104e-05,0.0034473838095914282,10.363028249230618,0.004850051082390117,0.003556275914146312,0.0,-0.003621301666493334,0.01826098282366258,1.1920083306329257,0.003733898475828974,0.040227499649047024,0.0,442.7697211956586,444.8974872693931,442.8819936505263,442.64137420515414
0.6000000000000002,-0.0003260516255998661,0.004629260025239534,10.434485395414342,0.0052647402048533465,0.005748623709095568,0.0,-0.006167811716721382,0.02116320309742544,1.189897715490153,0.012610240129433705,0.027897398883725263,0.0,404.7380772842166,403.6276891530811,404.7617520371514,405.55961986650163
0.6600000000000003,-0.0008377371200702168,0.006027624195645114,10.511608145367923,0.007232817246246803,0.007112171337730011,0.0,-0.011065623962838982,0.025623847261188794,1.3806476010645239,0.056861141423021844,0.009591122141157784,0.0,467.3534428458654,465.92458818352634,464.05738224449703,467.5179255670898
0.7200000000000003,-0.0016689519331140395,0.0077472563395816615,10.599924616616006,0.01087619755703706,0.007195572965920327,0.0,-0.01668885221494743,0.03209925216575621,1.5629994679163899,0.06750032110526304,-0.024963089179094552,0.0,465.3050367551848,462.5923019976016,463.9649604755524,464.801854298512
0.7800000000000004,-0.002818417510994795,0.009922176473688035,10.697469191914383,0.014682081299939753,0.005533460604978835,0.0,-0.021459086220923036,0.04081304759665715,1.688305385214337,0.05371398774799458,-0.03383434231227218,0.0,447.1480571368167,446.4246345470473,448.3124728464708,447.19383598282315
0.8400000000000004,-0.004213759311028085,0.012688062017374201,10.80186654685566,0.01782948456487965,0.00406716398236906,0.0,-0.024877132552681074,0.05170720507863613,1.7914457714233496,0.049816582170270754,-0.010274063211971695,0.0,439.97109453444403,441.9171008592255,440.6568187126991,440.3363623537648
0.9000000000000005,-0.005792647552561819,0.01619083990067883,10.913439234407408,0.021294704189585012,0.00370471876528633,0.0,-0.027700292129845556,0.06539798286988711,1.9274175338696526,0.0701700415604392,0.001308233794529923,0.0,451.31498385277024,452.24888385694146,450.0174752592383,451.6640408855021
0.9600000000000005,-0.007519047756135078,0.020497599890030235,11.028747858534393,0.02597938728641669,0.003533497044059253,0.0,-0.029843929795537405,0.07854442835407874,1.9162127355019758,0.09045646925628718,-0.012848079974382254,0.0,404.9318420990683,403.65647496736517,402.62986767918227,404.46634151825504
1.0200000000000005,-0.00938763613917883,0.025818032585302048,11.148582832782001,0.03137567128775132,0.0037172149440856117,0.0,-0.03242114586301429,0.09939709446709491,2.0779886520287305,0.08888132919197572,0.02373211769167574,0.0,458.799515504595,461.69451746442263,459.1581127637894,459.039623149959
1.0800000000000005,-0.011419008148927039,0.03248219377651261,11.277239424985053,0.03635114851310828,0.00497031196242137,0.0,-0.03543400981189027,0.12328796955591786,2.210297198127973,0.06704796995495738,0.014477429583151416,0.0,451.98191680465675,451.2354556303117,451.8727582612989,450.1146907315797
1.1400000000000006,-0.013638640695894435,0.04055141723548083,11.410307016882571,0.04036473561469833,0.006376087426142263,0.0,-0.03865914317996568,0.14604399627279857,2.2252439424264896,0.06658176198200928,0.037076357822693855,0.0,413.5779844078275,415.56370228739456,413.64713635637,413.609786961423
1.2000000000000006,-0.016100347432979487,0.0501749081590629,11.547098527376548,0.04397696649849081,0.008421479520392516,0.0,-0.043617837906962775,0.1751274531834932,2.3342356659845565,0.04270340068818319,0.027326000584383666,0.0,445.87481902732776,445.0780288582011,444.94771382352474,442.9910675170557
1.2600000000000007,-0.018865124082682833,0.06143460611460245,11.686408913569064,0.04635549693935204,0.00973488428821856,0.0,-0.048667922503567156,0.2004043063576805,2.3094810984422454,0.03268510328382561,0.007862686956840184,0.0,402.78368428091926,401.0197136281374,400.8881268686204,399.9777683719994
1.3200000000000007,-0.02201940348184913,0.07457160452240112,11.831130623101725,0.04818805114345359,0.010246990276256085,0.0,-0.05652841235538278,0.2376977691747053,2.514133376844415,0.02587140729571706,0.009847136578868512,0.0,474.15570843771815,474.30800769608567,474.36971025289836,473.8464638288825
1.3800000000000008,-0.025643811813964152,0.08992185604632139,11.986767362753504,0.049346229160928345,0.010548269585797243,0.0,-0.06433357546778873,0.27411416938429145,2.6733864017074387,0.0010208658973750746,-0.006994658176698982,0.0,463.8118641367833,462.487229811451,460.93068553762305,458.9625905816107
1.4400000000000008,-0.029713759363596416,0.10735214724212339,12.149440697217893,0.04924771579785148,0.010854437867046762,0.0,-0.07133090824519958,0.30688352364405874,2.748875423953062,-0.007584995182522992,0.022197221493556712,0.0,435.31910185421435,437.7549751657629,436.4203774377224,435.7015175608297
1.5000000000000009,-0.03424048865673138,0.12685684017197127,12.318928937215738,0.0484363922030262,0.012009039726344817,0.0,-0.07969318631668751,0.3431870099110605,2.900357441237509,-0.029339459518071025,0.012562572373223224,0.0,460.3111593488875,459.54804061285387,461.61622850446554,459.8964445768756
1.560000000000001,-0.03926078920363978,0.14839025349473342,12.494891146651916,0.046989931620333714,0.012264457070812362,0.0,-0.08770714136343466,0.37442893928142124,2.9648874346758465,-0.015290168871408747,-0.022741911656891357,0.0,435.8745582345401,432.9140179728934,432.9993359161118,434.1795347867498
1.620000000000001,-0.04476790738804448,0.1718040037088146,12.675411272741059,0.04578275149955324,0.011422376842328497,0.0,-0.09575437690257176,0.4059115774122395,3.0522233355609654,-0.032144987685658995,-0.0006777415670691555,0.0,440.7305196409309,442.5504636360038,442.2878189064946,440.897441394283
1.680000000000001,-0.05070605935344063,0.19691975968514236,12.85768686756935,0.04425549991135114,0.012073462568541693,0.0,-0.10221581078988709,0.43113884876485103,3.0237101470963292,-0.014630605705227638,0.027359312459237336,0.0,402.650931338974,405.1794712366841,403.0109946883681,404.59076720607084
1.740000000000001,-0.057073657635075194,0.22361960045623433,13.040381921925626,0.0430159850283971,0.013571644801118055,0.0,-0.11018339677094237,0.4587519996139307,3.0660115469871454,-0.03681371993465295,0.0197026111072607,0.0,428.2425227572104,427.5908519022491,427.9683889490426,426.0759580918531
1.8000000000000012,-0.06398744118742562,0.25207345660975844,13.228576206028237,0.0405290499544213,0.015096667712683143,0.0,-0.12041919245455251,0.4894376845890393,3.2067525333760356,-0.05286273240311519,0.03491593771832342,0.0,458.31524969089384,459.52291329540964,459.1641210708035,457.8881994044534
1.8600000000000012,-0.07151822247064603,0.2822220003597565,13.423036156264176,0.03712381358139005,0.016991435926238196,0.0,-0.1307991335763035,0.515182297540154,3.275061116290378,-0.06596279776127495,0.023895894678329827,0.0,437.51453094378945,436.59639689368004,437.37122485049184,436.2764494856373
1.9200000000000013,-0.07970299860167226,0.31383660041693673,13.621376425072972,0.03353595968582024,0.01813544785297072,0.0,-0.142150256525084,0.5382648771889533,3.336116217036096,-0.04968108115872191,0.007042686793764057,0.0,435.1712726136041,433.75817348214105,434.87926129732074,436.2382794069899
1.9800000000000013,-0.0886449511118273,0.3468723111628937,13.826531231000411,0.03010053224838316,0.01845357667350811,0.0,-0.15594781831611357,0.5625542747049598,3.5018943613856384,-0.08012285713415283,0.0015714288540899617,0.0,468.3263962808752,467.90054252050186,468.5953775030478,466.2204792074744
2.0400000000000014,-0.09836746728120939,0.381194039156081,14.038743180864872,0.025041268050075338,0.018744840649314476,0.0,-0.16815201340341457,0.5810113450893527,3.57163919371316,-0.09441286731957937,0.010722763538376852,0.0,439.27429388066804,440.032470867187,439.31837144109915,438.12579308885927
2.1000000000000014,-0.10883081079707738,0.4165197789800607,14.255184871088343,0.019084055712908388,0.019522296986573373,0.0,-0.18069211514090627,0.5959355551327175,3.6428774972123055,-0.11144255364942464,0.0170894114312958,0.0,439.1663408117835,439.69402000923617,441.44998514255013,440.0336743710775
2.1600000000000015,-0.12012561777171009,0.45267397709898805,14.479051471367669,0.012151847357911194,0.020755456683563267,0.0,-0.19591938419582827,0.6084177898077034,3.8187904571869007,-0.12532194821143622,0.02670769869566595,0.0,472.1773532048419,472.9187745493397,473.107785928449,472.0266911860623
2.2200000000000015,-0.13231909475271783,0.4893900485705815,14.711314110111207,0.004950713333781387,0.022057830623369412,0.0,-0.21067466162661735,0.614686357703185,3.922961334972389,-0.11110617263354873,0.009129395877036166,0.0,453.04274910050407,451.627077854881,451.1281456315654,452.2617642709885
2.2800000000000016,-0.14552573687696457,0.5263512138811455,14.954495008029062,6.281148903752413,0.023336006927756614,0.0,-0.22965076591340347,0.6164893122063034,4.18216872921723,-0.1301554328781102,0.03847321633466995,0.0,497.43750979498316,499.58177198436937,498.77823424586217,497.37422851974827
2.3400000000000016,-0.1597352344559816,0.5632613949015193,15.205850318606801,6.273147774920233,0.025357241454744717,0.0,-0.24419393014785729,0.6131374095890217,4.196297125514651,-0.14065686778897002,0.021801259839774663,0.0,426.66359693636343,425.238184474796,426.5400406320488,425.6248514332402
2.4000000000000017,-0.1748335887025441,0.5998306265952899,15.457371457770254,6.26522707631883,0.027015913582598472,0.0,-0.25921551788263636,0.6051297757363147,4.187776229899898,-0.11874012669646075,0.0373220669723162,0.0,418.0725899412486,419.423117101811,417.54243575425266,419.4327297264481
2.4600000000000017,-0.19093009266818223,0.6357382432993907,15.710749813301002,6.257825996086641,0.02942144056524576,0.0,-0.27755541218248575,0.591084067781873,4.257903648937124,-0.13468044430381854,0.04512364489359184,0.0,443.1168798305892,443.7586290361343,445.3319062949598,444.0120083508819
2.520000000000002,-0.20821629377414697,0.6706164634114246,15.969669867983301,6.249789726209968,0.032140938768783656,0.0,-0.2989218503340441,0.5706907044910808,4.372318250780525,-0.1324940437678445,0.045724488593074535,0.0,458.108301790601,458.1572037512366,458.4908941316635,458.648657637342
2.580000000000002,-0.226857283376061,0.704084773176477,16.235914829300103,6.2414699769629856,0.034629644543901605,0.0,-0.3227093894584018,0.5440722447154074,4.5019879373247464,-0.15532596688699088,0.0312407427319176,0.0,463.99419583352255,462.8564417337486,465.2896403307382,463.48117013949644
2.640000000000002,-0.24689839809023995,0.7358672531366943,16.507703320960665,6.232297782099899,0.03690530946688764,0.0,-0.34552206983208605,0.5144668016226066,4.557379927898603,-0.14836724023676062,0.04874551718978253,0.0,440.90458482074666,442.34926468358583,442.17287301799354,442.72364545255203
2.700000000000002,-0.2683454692099809,0.7657111404438516,16.782532494822014,6.223038785645834,0.039572260334289844,0.0,-0.3696395279340078,0.47948625723035043,4.603366774794829,-0.17015095270875177,0.03406293864525042,0.0,440.68118704388536,439.4668307436656,440.01999352078394,438.1894055574104
2.760000000000002,-0.2911170995649392,0.7935394162211524,17.055850399556338,6.213012592044873,0.041657761459331866,0.0,-0.38958301710358406,0.4473573123456222,4.507572044138808,-0.1616219686651369,0.036113822897184386,0.0,393.61419009733703,393.8046509560308,390.4869116977301,391.2509034284393
2.820000000000002,-0.3153214160584147,0.8189434820386434,17.32826131185137,6.203609513422251,0.043500640582265326,0.0,-0.41741607341715486,0.39854041383647804,4.57246866903692,-0.14838228785150218,0.016814706048884114,0.0,446.2883882087471,444.71050490213287,444.7735847766358,445.83335996973204
2.880000000000002,-0.3413215111988361,0.8410646887746316,17.60667375987868,6.194168812464309,0.044762934340041305,0.0,-0.4493553555335759,0.3379117632202673,4.707323604597657,-0.18894550963731038,0.028371594163355763,0.0,468.2778520190757,469.17604490266865,468.0721071547679,464.8805247066266
2.940000000000002,-0.3690401105092239,0.8597935131845916,17.888119458252874,6.182651701388503,0.04623147194847288,0.0,-0.47473860722328437,0.2854302651267992,4.674247377813257,-0.19875594269349306,0.015249966512642911,0.0,417.1946922712517,416.04738604905657,414.7733189283539,413.871717847018
3.000000000000002,-0.39847368911713926,0.8748063358372113,18.171186352357136,6.170675078011737,0.0472483429762125,0.0,-0.5064641132738052,0.2138405842487351,4.7608342060113475,-0.20137343584485606,0.020143853987858677,0.0,453.6471584648098,454.0399123685438,454.57855493670695,454.3306736656739
3.0600000000000023,-0.42988012725802294,0.885167519819909,18.460406787422382,6.158589199890455,0.04817294271934092,0.0,-0.540510854866179,0.13032853131361705,4.879194884602268,-0.20154708898468005,0.003685272769332672,0.0,466.1385011697153,464.85031287160837,464.36552942321265,464.31404610109877
3.1200000000000023,-0.46310060828848837,0.8909078982474475,18.751635772511673,6.146739610866117,0.049188160719302765,0.0,-0.5669079295985558,0.06004349248770352,4.828514031139106,-0.19042798495300436,0.03514300401631229,0.0,410.09954876522175,412.8847228541948,411.75705749200426,412.69811608664673
3.1800000000000024,-0.4981421368620324,0.8916467177265575,19.044075368942416,6.13505273069549,0.052031296493920465,0.0,-0.6013836512541901,-0.03651008062318573,4.9188884107745,-0.2053197163085054,0.06462268696218809,0.0,456.343926829969,458.69249640275206,458.3797926449558,457.1585680739993
3.2400000000000024,-0.535258869523259,0.8865173979620637,19.340814105136054,6.1223413623202525,0.055743160156283444,0.0,-0.6361939178147658,-0.13560120346469678,4.971937570770292,-0.22995792614688534,0.055684807494517444,0.0,447.84294007574715,447.11796376425195,447.9803602358863,445.9273188261163
3.3000000000000025,-0.574415192671978,0.8755404493414881,19.638595400928935,6.108247205335193,0.058702982526869896,0.0,-0.6692954728995493,-0.23146981708549513,4.953927623837575,-0.24726486855889887,0.031920696540792964,0.0,426.1204344774599,424.08533927576855,425.89687176513945,424.3555127438485
3.3600000000000025,-0.6159021516429521,0.8576809122784286,19.940198049636084,6.092992706529259,0.06024831477439463,0.0,-0.7137615138653091,-0.3653411004475283,5.09849807016884,-0.27420320990548175,0.00907925150697766,0.0,477.4775918290499,475.73169445534324,478.28480172926606,476.1672502440256
3.4200000000000026,-0.6598680058409127,0.8321442614930246,20.2468544713058,6.07661896615496,0.06060199084989115,0.0,-0.7518040408153829,-0.48732843468147363,5.1229074509688415,-0.27040664397366226,-0.0013880400171370371,0.0,441.7810473659837,440.916911281521,441.8064677012976,442.0437136274652
3.4800000000000026,-0.7061835249315299,0.7987810154879048,20.555895990998803,6.060435312295189,0.06094401002248162,0.0,-0.7920473332797197,-0.6262430921713682,5.177806549428853,-0.2684058491191196,0.017045914886964296,0.0,451.4288068802072,452.91399499081825,452.7442824697616,452.83329065357356
3.5400000000000027,-0.7551400756172078,0.7559883467868587,20.871580047795927,6.0444482104338775,0.06216566587615713,0.0,-0.8399173327374517,-0.8017557610513725,5.343688069201159,-0.2628125955514828,0.026279920511481602,0.0,487.5134199308306,488.20292091040005,487.7907155152502,488.14360804186543
3.6000000000000028,-0.8067034573704217,0.7034434071217429,21.19251785952979,6.028714680747203,0.06355216212311365,0.0,-0.8789917164138208,-0.9510790080423133,5.353692522126309,-0.26107893610987415,0.01586114277880074,0.0,441.35311647453653,440.4922723109075,443.41999407984065,443.4930101247128
3.660000000000003,-0.860656199141027,0.6415796726587554,21.514287771172324,6.0133293296976404,0.06425346745471217,0.0,-0.9195015271903061,-1.1123591420587025,5.371342595199309,-0.2484560038546018,0.00166317423884056,0.0,446.6325139622322,445.47273384715857,445.3130314576179,446.27853818540353
3.720000000000003,-0.9172245054341227,0.5690415677653631,21.839628653901766,5.998968817051212,0.06456966115854268,0.0,-0.9660935517358866,-1.3068621275151235,5.472240855438409,-0.22552638244947132,0.011652192839212185,0.0,474.0225106260702,474.7895416368084,472.1295193427445,473.8415737296375
3.780000000000003,-0.9764606188368343,0.4851464395617138,22.168892518846842,5.98513927170486,0.06502649070399436,0.0,-1.00848247982071,-1.4907695381721457,5.502461549204888,-0.24292397624361345,-0.002021218946418356,0.0,453.452355758878,452.3523144681654,455.27404301892045,453.82761770576667
3.840000000000003,-1.0380930163450506,0.39066544285287114,22.49761166176672,5.97067577077372,0.06540747239416067,0.0,-1.0459526580721696,-1.6597463970809219,5.4544570487132615,-0.237573047724818,0.019302849846608964,0.0,428.7576300889755,430.5657983311649,428.95251751335303,429.3464291039275
3.900000000000003,-1.1024386817719054,0.28367550606384756,22.829935168958574,5.956484435119268,0.06633646214211364,0.0,-1.0989556367340878,-1.9077912307456528,5.621305300548579,-0.23450332520478914,0.006472175837572829,0.0,498.65503204017887,497.71660475566796,499.2516594807389,499.4265691465324
3.960000000000003,-1.1694845047429268,0.1639205003808677,23.16502827873278,5.942784494959525,0.0672919103971088,0.0,-1.1359754356412561,-2.0851145344796325,5.548135464174652,-0.2182208791167633,0.03015393370993897,0.0,424.1147143888235,426.14426092691895,424.5842175795211,425.92448353490613
4.020000000000002,-1.238895671460149,0.0327076471598959,23.497364956649974,5.930104331464024,0.06929983973232723,0.0,-1.1778892626544413,-2.2896334153742237,5.529066763904037,-0.20027249517569382,0.039378283527514914,0.0,444.00098549681434,444.7577210635137,444.0486464438509,445.47455394200585
4.080000000000001,-1.3108173533237495,-0.11077016223539529,23.827882696988965,5.918309779834633,0.07191066651690026,0.0,-1.2197084030329657,-2.4938577683458747,5.487609357537878,-0.19006259876669301,0.050712105312756085,0.0,438.0085312404919,438.9513612073561,438.185465199462,438.99516928071125
4.14,-1.3855571963826414,-0.26797679935323027,24.159169968446385,5.9068956668699695,0.07540106101989519,0.0,-1.27190464037473,-2.7471659526673116,5.554017153521541,-0.1905821465765332,0.06999246506473153,0.0,475.5746917714912,477.05149359986694,474.63270482253415,474.560121745287
4.199999999999998,-1.4636984795327976,-0.44153362294055726,24.496671731228165,5.895145531553473,0.07953752385393642,0.0,-1.3331870279423792,-3.038807539815666,5.694196637748156,-0.20921519219003548,0.06675180281463795,0.0,500.91374818468574,500.6809945664312,502.0826310606007,500.69561084406854
4.259999999999997,-1.5451666318992918,-0.6307302905171818,24.837307051625302,5.88258042832145,0.08441351338410996,0.0,-1.3827922712451557,-3.268645731162959,5.659459230631076,-0.20982717453966876,0.10068611458233846,0.0,447.5721288236621,450.33099919491764,449.1536794785126,449.06135456198876
4.319999999999996,-1.6297250282520617,-0.8340188015752642,25.175965496343274,5.869666134767975,0.09100333170176533,0.0,-1.4363507906974955,-3.508518960349987,5.628179668029896,-0.22914724630234512,0.12369397218491059,0.0,451.0923169096057,452.9570255159786,453.245101966852,451.6439160602095
4.379999999999995,-1.7176971448930713,-1.052256354958475,25.513388461148704,5.855906733859701,0.09822229915670722,0.0,-1.4966748923250324,-3.7669854768337117,5.617996209393728,-0.2296772043371732,0.11252884055993542,0.0,462.27657547795195,461.40812685955024,461.5935203049525,461.5015378071491
4.439999999999993,-1.8089055808311445,-1.2840814130663396,25.845351253317183,5.842101922432253,0.1052637712956992,0.0,-1.544108017163062,-3.9615308489221865,5.447210212302023,-0.230896963429781,0.12558671836670582,0.0,406.8809968971728,408.0622917674687,407.16934611310063,407.00219207532535
4.499999999999992,-1.9036969494701963,-1.5303159501933106,26.17234519566164,5.828338241654574,0.11316123393685995,0.0,-1.6162576850034933,-4.247136283097262,5.451046944842076,-0.22655300955298627,0.1415616443879662,0.0,469.8830382353598,471.13480527702956,469.8370790316346,470.12463675070825
4.559999999999991,-2.003008598405258,-1.79406047125009,26.499675160766117,5.815456269956872,0.1211671398911669,0.0,-1.6948323748242446,-4.545093492396447,5.458297546415622,-0.1978792519304536,0.10756424532044322,0.0,475.79182639390586,473.1956787523351,474.20308357416286,476.35799500229894
4.6199999999999894,-2.1066888380979085,-2.074080558301853,26.823678956623944,5.803259195374022,0.12818010300829297,0.0,-1.7616828614651263,-4.789713944525568,5.341055047651237,-0.21717600588874428,0.1309482848490567,0.0,434.19569569943025,436.1658594355264,436.0291958918174,434.3715881284757
4.679999999999988,-2.214295537251327,-2.368253895745093,27.13916465249284,5.790014749033869,0.13643991203190886,0.0,-1.825785331147672,-5.0169758764408074,5.174570541009123,-0.22902551991539752,0.1485104097971572,0.0,418.6528411679516,420.197130723515,418.74986283676446,417.66562263964676
4.739999999999987,-2.326430271437519,-2.67816680140233,27.44808673244011,5.77619610082678,0.14549675677836138,0.0,-1.9127318205592632,-5.3142054695540395,5.121274891192569,-0.23300835935981148,0.15541803653393443,0.0,461.4630620526765,462.02861483414944,462.2115179383455,461.8468590312599
4.799999999999986,-2.4438088447577044,-3.005688485702482,27.752819111138272,5.761826133030031,0.15480836344252946,0.0,-2.0005770142254384,-5.603959396607746,5.0350223716754945,-0.2574103658348439,0.15474102296001546,0.0,453.776222269683,453.7440836862746,455.17688934425814,453.1623817783145
4.859999999999984,-2.567249918825433,-3.352829271908334,28.055660851760678,5.746940401936467,0.16434348395811593,0.0,-2.114849223989373,-5.967997438571841,5.057190521649022,-0.23404749410839154,0.16617458199653148,0.0,494.9305429334095,495.79255224067924,494.09670536847955,495.7611136562415
4.919999999999983,-2.6962244957639534,-3.7174192784399938,28.351795343545408,5.732803944583885,0.17397469364241758,0.0,-2.1849419980098697,-6.185987081051047,4.813523048568486,-0.23891910397765245,0.14575472310831328,0.0,404.49050068510746,402.6737263261497,402.2301589381614,401.72673067139556
4.979999999999982,-2.8308097946138164,-4.099081742501333,28.639361733133377,5.718595563982671,0.18249169585017633,0.0,-2.30181669885578,-6.53662740857793,4.769824648417202,-0.23289167169601882,0.13299348685208148,0.0,480.5402201640361,479.5886593861725,480.1857774566358,480.59157072644064
5.0399999999999805,-2.9717853119955953,-4.499768741057373,28.920536692601583,5.704116018823495,0.1900015232831711,0.0,-2.3978643948668354,-6.82036715824826,4.601395668553588,-0.26902163099552284,0.10099106520374258,0.0,441.9417296784038,439.3089547236437,440.07343552343866,437.0103203924129
